16
14
17
28
29
30
31
32
33
34
37
38
39
43
44
8
52
53
51
56
57
72
70
71
77
78
79
96
97
105
118
119
126
127
139
140
152
153
154
49
62
169
170
171
172
173
178
179
184
182
183
185
202
203
204
209
207
218
219
225
223
226
227
228
229
233
240
241
239
244
245
248
249
250
247
280
279
281
282
285
287
292
293
294
295
296
299
300
304
305
268
310
308
193
314
315
328
325
326
338
341
342
344
345
347
348
358
111
365
366
369
364
320
382
206
383
388
389
392
391
393
395
398
3
399
402
155
336
409
410
432
433
429
431
434
435
437
175
444
445
450
451
453
459
460
462
465
466
474
475
476
477
478
479
480
481
482
485
488
489
490
491
492
493
494
497
519
524
525
461
531
532
534
535
26
555
556
554
557
558
559
560
561
562
563
564
565
566
569
198
125
572
577
578
574
76
582
583
584
585
586
588
589
590
603
605
606
612
613
617
618
624
627
628
636
637
640
638
639
653
654
655
663
664
667
670
676
73
678
682
90
687
688
689
692
693
387
708
710
711
717
413
728
538
727
752
760
763
764
253
767
777
772
790
791
794
795
808
809
817
819
818
674
527
826
827
848
861
862
869
871
872
874
696
878
881
884
885
890
896
801
897
899
900
902
901
923
924
926
927
931
102
939
463
713
940
948
949
950
951
957
958
722
514
960
961
291
511
974
975
980
981
982
983
984
343
985
995
996
1002
1010
1011
1012
1014
962
1018
18
1021
1022
1025
1026
1027
1028
1029
124
1030
1032
1033
850
1040
750
83
515
1053
1054
1055
1060
1064
601
1072
781
1082
1084
1090
288
1091
1095
1097
1099
1103
1104
1105
1106
1107
1108
1109
1110
1113
964
1118
265
1129
1130
1136
1137
1140
1143
1146
1147
1155
1156
1157
1164
1167
1168
1169
1170
1173
1174
1179
91
1183
1185
1186
724
1189
1191
1196
1197
332
1203
1204
1205
1211
237
1213
1216
944
1214
1215
1218
1219
1220
1230
1059
1242
516
1249
1258
1261
1274
1281
1288
498
1290
1293
994
1312
405
1311
1317
1318
1323
1324
1325
1330
1015
1339
1340
1287
278
1344
224
649
1346
1347
1348
1354
1355
1356
1357
1358
1370
486
1372
1373
427
1375
1057
965
1413
1417
1418
1420
1421
1426
1427
666
1430
1433
1434
1447
505
1450
1453
1456
1454
1455
697
1469
75
1471
1476
1477
1480
1483
1492
1494
1499
1506
1507
1512
1513
1528
1533
1534
1536
1537
1535
1538
1539
1540
1554
1555
1570
1527
1188
469
1579
1581
1580
1584
1589
1590
9
1595
1603
1605
1608
251
1607
1611
1612
1621
1630
1632
1631
1637
368
552
1648
1645
1647
1649
1650
103
1671
762
1674
1680
1685
1687
1689
1692
1705
1706
1128
1712
150
1720
1725
1726
1733
1734
1263
1751
1749
1223
1753
1764
1771
1772
1773
1787
600
1801
1809
1812
1001
1820
1823
307
1827
1828
1840
1839
1859
1860
1864
898
1873
1874
553
1878
1885
1889
1886
1891
1892
1619
1898
1905
1583
1058
1908
1909
1912
1045
904
1930
1931
468
371
1936
1940
1941
1946
1948
1949
1951
1962
834
1966
1968
1967
1508
255
1978
1979
1980
816
65
1987
1688
1993
2003
1349
2007
1737
2017
1493
2019
2020
963
2021
610
1600
1269
969
615
803
972
2046
2049
2056
1080
1280
2088
2087
1791
805
1959
634
2106
1425
2122
2123
2124
2126
2127
2128
709
2132
2133
2134
1761
2146
2148
349
2154
2155
2160
2161
2158
272
821
1520
2073
2188
2192
2193
1922
2199
2209
2214
2224
765
2226
2230
2231
2232
2233
2236
2237
2241
1003
2252
2251
2256
1585
2263
2264
1076
2267
2113
2269
2271
517
2278
2281
2282
2283
2284
2296
1485
1786
1775
2297
2303
2306
2309
1523
2314
2324
1093
2030
2313
2198
1556
832
2327
2328
2329
2336
2335
894
2337
2346
2347
473
2352
2358
2362
2369
1239
2371
2372
2373
2375
2379
2382
2383
2390
2393
1241
642
2394
2404
1635
2411
2412
2413
1088
2426
2424
2428
658
567
2432
1544
1797
2444
2445
2446
2447
2472
2486
2487
2493
2494
1460
2500
1743
2508
2513
2515
2545
2552
2553
768
2554
259
2557
2564
2568
2582
2585
2589
2590
2591
2594
2604
2618
2620
2629
2211
2642
2647
1970
443
1805
396
2507
2669
2672
2671
2688
2687
2692
1884
2698
2699
883
2723
952
2724
2734
2593
1120
2745
2755
2766
2767
27
2773
2449
2777
928
2792
2794
1314
2795
2797
2801
1094
2810
2811
2814
2815
2817
2820
2821
2822
2824
2823
2834
2835
2837
2838
2840
2865
2869
2872
2884
2885
2894
1920
2896
1442
2913
2914
1276
2517
2917
2918
2937
2940
2941
2951
1784
2963
1234
2964
2968
2110
2970
2969
2985
2627
87
2581
2992
2995
2208
882
148
3029
3037
3042
3050
3051
3052
11
3075
2433
1
3104
3105
3119
2758
2752
1741
3130
3132
3139
3141
94
3145
3146
3147
1498
3165
3170
3190
3198
1727
2272
1365
1253
2789
3225
3234
2660
195
3238
3239
1254
3251
3278
3280
3279
3281
3285
3284
1676
3290
1613
1381
46
3303
3311
3313
1996
2182
2700
3319
3320
3323
3338
3374
3384
3385
599
3389
2541
1730
3423
780
745
3426
3429
3434
802
3445
100
1863
908
55
3473
3475
1582
3476
136
2505
3489
1449
986
3497
3499
1518
935
2897
941
3532
1403
3538
3551
3553
3558
3560
3561
3566
3567
873
3587
3594
3595
3596
3597
3616
3617
340
571
3633
3640
3641
1496
1122
2702
2093
1200
2561
3678
220
3684
3686
3720
3721
3730
1465
3742
3744
3747
400
3748
820
3750
570
262
3537
1061
3761
3784
3277
3265
3795
3797
3802
3295
3128
335
3568
2333
2026
1279
3845
2274
2311
1636
1519
3874
797
487
1473
3902
3401
3909
3925
740
3205
3933
766
3941
2997
1087
3665
3973
3979
81
3548
3364
7
4003
4015
3369
4039
4044
4043
4054
3441
3828
98
2878
3713
1626
1159
1767
1593
4131
4155
1678
3889
705
1362
306
913
4195
4197
4235
1870
1994
2190
3244
4263
937
4278
4291
4298
4302
1075
4307
2530
4326
4336
2804
943
620
2136
2790
2443
4425
4431
1862
3199
4471
3726
4477
4487
4500
1134
2005
4548
4551
644
3629
1945
4593
4592
4620
384
4645
4680
2462
2249
4700
3022
4703
4723
852
4745
134
4796
3435
4823
1525
4854
4856
4867
4868
1490
4885
3223
4941
4995
4476
625
5011
4206
5053
5054
5088
5096
1252
1078
5160
242
5212
2681
2952
1899
4659
5263
5285
3843
5318
3013
3018
5339
3150
5385
3669
973
5440
5445
2502
5448
5459
5481
2720
1388
1921
2998
5524
5529
5550
2467
5587
5592
5593
5628
5629
5635
4185
5658
2953
5750
5757
3255
1178
5817
1694
5839
5306
5913
2135
4174
5979
5980
1599
2818
6011
5457
2882
3710
6041
4676
6047
4771
4757
6070
4932
6092
3301
5326
6114
1192
6157
3604
6196
5468
5605
4412
6247
6266
5403
6283
6310
6330
6343
6195
6363
3412
6368
4770
6377
5412
6396
4041
6419
5378
3182
3598
6447
6484
2130
6521
3556
4763
671
6593
703
691
868
6659
5389
3371
4484
6798
6809
6884
6383
594
5165
1319
1332
6233
7023
2004
6323
1020
2586
7195
7217
2516
2345
7314
5269
4862
3615
5620
1942
2522
1342
3579
5851
7506
1953
4250
7637
7663
7683
7709
3562
7765
339
3825
7810
2221
7930
7987
8052
7033
8104
8178
5239
1586
1564
8602
5501
8743
1729
9021
6542
9191
6013
7339
2503
9027
8670
10052
8021
10103
6475
1894
10271
8761
5911
9263
12241
11651
